"-290,0;-270,0;-270,120;-270,0;-270,120;-250,100;-250,100;-230,0;-230,120;-230,0;-230,120;-210,0;-245,70;-260,50;-255,70;-245,70;-260,50;-240,50;-270,120;-250,100;-230,120;"
"-200,0;-200,120;-180,100;-200,120;-180,100;-150,120;-180,100;-150,120;-150,100;-150,120;-150,100;-130,100;-150,100;-130,100;-130,70;-130,70;-150,100;-150,70;-150,70;-130,70;-150,60;-150,60;-150,70;-180,70;-180,100;-200,0;-180,20;-180,70;-150,60;-180,50;-150,60;-180,50;-150,50;-150,50;-150,60;-130,50;-130,50;-150,50;-130,20;-150,50;-130,20;-150,20;-130,20;-150,20;-150,0;-150,20;-150,0;-180,20;-150,0;-180,20;-200,0;"
"-50,20;-50,0;-100,0;-100,0;-50,20;-80,20;-80,20;-100,0;-120,30;-120,30;-80,20;-100,30;-100,30;-120,30;-120,90;-120,90;-100,30;-100,90;-100,90;-120,90;-80,100;-120,90;-80,100;-100,120;-80,100;-100,120;-50,120;-50,120;-80,100;-50,100;"
"-40,0;-40,120;-20,0;-40,120;-20,0;-20,100;-20,100;-40,120;-20,120;-20,120;-20,100;10,120;-20,100;10,120;10,100;10,120;10,100;30,100;10,100;30,100;30,20;30,20;10,100;10,20;10,20;30,20;10,0;10,0;10,20;-20,0;10,20;-20,0;-20,20;"
"60,20;110,0;110,20;110,0;40,0;60,20;40,0;60,20;40,50;60,20;40,50;60,50;40,50;60,50;40,60;60,50;40,60;100,50;40,60;100,50;100,70;100,70;40,60;60,70;40,60;60,70;40,70;60,70;40,70;60,100;40,70;60,100;40,120;60,100;40,120;110,120;110,120;60,100;110,100;"
"120,0;120,50;140,0;120,50;140,0;140,50;140,50;120,50;120,60;120,60;140,50;180,50;180,50;120,60;180,70;120,60;180,70;140,70;140,70;120,60;120,70;120,70;140,70;140,100;140,100;120,70;120,120;120,120;140,100;190,120;140,100;190,120;190,100;"
"240,70;240,50;270,70;240,50;270,70;250,50;270,70;250,50;270,20;250,50;270,20;250,30;270,20;250,30;240,20;240,20;270,20;250,0;250,0;240,20;220,0;240,20;220,0;230,20;220,0;230,20;200,20;230,20;200,20;220,30;200,20;220,30;200,100;220,30;200,100;220,90;200,100;220,90;230,100;230,100;200,100;220,120;220,120;230,100;260,120;230,100;260,120;260,100;"
"-290,-130;-290,-80;-270,-130;-290,-80;-270,-130;-270,-80;-270,-80;-270,-60;-230,-60;-230,-60;-270,-80;-230,-80;-230,-80;-230,-60;-210,-80;-210,-80;-230,-80;-230,-130;-230,-130;-210,-80;-210,-130;-230,-60;-210,-80;-210,-60;-210,-60;-230,-60;-210,-10;-230,-60;-210,-10;-230,-10;-290,-80;-270,-80;-270,-60;-270,-60;-290,-80;-290,-60;-290,-60;-270,-60;-290,-10;-270,-60;-290,-10;-270,-10;"
"-200,-10;-140,-10;-140,-30;-140,-30;-200,-10;-160,-30;-200,-10;-160,-30;-180,-30;-180,-30;-200,-10;-200,-30;-160,-30;-180,-30;-180,-110;-180,-110;-160,-30;-160,-110;-160,-110;-180,-110;-140,-130;-140,-130;-160,-110;-140,-110;-180,-110;-140,-130;-200,-110;-140,-130;-200,-110;-200,-130;"
"-130,-90;-110,-90;-130,-110;-110,-90;-130,-110;-110,-100;-130,-110;-110,-100;-110,-130;-110,-100;-110,-130;-100,-110;-110,-130;-100,-110;-90,-130;-100,-110;-90,-130;-80,-110;-90,-130;-80,-110;-70,-130;-80,-110;-70,-130;-50,-110;-50,-110;-80,-110;-70,-100;-70,-100;-50,-110;-50,-10;-50,-10;-70,-100;-70,-10;"
"-40,-10;-20,-10;-20,-60;-20,-60;-40,-10;-40,-70;-40,-70;-20,-60;-20,-80;-20,-80;-40,-70;-40,-130;-40,-130;-20,-80;-20,-130;-20,-60;-20,-80;0,-60;-20,-80;0,-60;0,-80;0,-60;-20,-60;10,-10;10,-10;0,-60;30,-10;0,-80;-20,-80;10,-130;10,-130;0,-80;30,-130;"
"40,-10;60,-10;40,-130;60,-10;40,-130;60,-110;40,-130;60,-110;110,-130;60,-110;110,-130;110,-110;"
"120,-130;120,-10;140,-130;120,-10;140,-130;140,-40;140,-40;120,-10;140,-10;140,-10;140,-40;160,-30;140,-40;160,-30;160,-60;160,-30;160,-60;180,-40;180,-40;160,-30;180,-10;180,-10;180,-40;200,-10;180,-40;200,-10;180,-130;200,-10;180,-130;200,-130;"
"210,-130;210,-10;230,-130;210,-10;230,-130;230,-60;230,-60;210,-10;230,-10;230,-10;230,-60;260,-80;230,-60;260,-80;260,-130;260,-80;260,-130;280,-130;280,-130;260,-80;260,-10;260,-10;280,-130;280,-10;"
"-270,-140;-240,-140;-260,-160;-240,-140;-260,-160;-250,-160;-250,-160;-240,-140;-220,-160;-220,-160;-250,-160;-240,-170;-240,-170;-220,-160;-220,-200;-220,-200;-240,-170;-240,-230;-240,-230;-220,-200;-220,-240;-220,-240;-240,-230;-250,-240;-250,-240;-220,-240;-240,-260;-240,-260;-250,-240;-260,-240;-260,-240;-240,-260;-270,-260;-270,-260;-260,-240;-290,-240;-260,-240;-290,-240;-270,-230;-260,-160;-270,-140;-270,-170;-270,-140;-270,-170;-290,-160;-270,-170;-290,-160;-290,-240;-290,-240;-270,-170;-270,-230;"
"-210,-260;-190,-260;-210,-140;-190,-260;-210,-140;-190,-160;-210,-140;-190,-160;-150,-140;-190,-160;-150,-140;-160,-160;-150,-140;-160,-160;-140,-160;-160,-160;-140,-160;-160,-190;-140,-160;-160,-190;-140,-190;-160,-190;-140,-190;-160,-210;-160,-210;-160,-190;-190,-210;-160,-190;-190,-210;-195,-190;"
"-130,-160;-110,-170;-100,-160;-100,-160;-130,-160;-110,-140;-110,-140;-100,-160;-90,-160;-90,-160;-110,-140;-80,-140;-80,-140;-90,-160;-80,-170;-80,-170;-80,-140;-60,-160;-130,-160;-110,-170;-130,-240;-110,-170;-130,-240;-110,-230;-130,-240;-110,-230;-100,-240;-100,-240;-130,-240;-110,-260;-110,-260;-100,-240;-90,-240;-90,-240;-110,-260;-80,-260;-80,-260;-90,-240;-80,-230;-80,-230;-80,-260;-70,-250;-60,-160;-80,-170;-60,-240;-80,-170;-60,-240;-80,-230;-70,-250;-80,-230;-60,-240;-60,-240;-70,-250;-50,-250;-70,-250;-50,-250;-60,-260;"
"-40,-260;-20,-260;-40,-140;-20,-260;-40,-140;-20,-160;-40,-140;-20,-160;20,-140;-20,-160;20,-140;10,-160;20,-140;10,-160;30,-160;10,-160;30,-160;10,-190;30,-160;10,-190;30,-190;10,-190;30,-190;20,-210;20,-210;10,-190;-20,-190;-20,-190;20,-210;20,-210;20,-210;-20,-190;-10,-210;-20,-190;-10,-210;-20,-210;-10,-210;10,-210;10,-260;10,-210;10,-260;30,-260;"
"40,-230;40,-250;50,-240;40,-250;50,-240;50,-260;50,-240;50,-260;90,-240;50,-260;90,-240;100,-260;90,-240;100,-260;100,-230;100,-260;100,-230;120,-240;100,-230;120,-240;100,-220;120,-240;100,-220;120,-210;100,-220;120,-210;90,-210;120,-210;90,-210;100,-190;90,-210;100,-190;70,-210;100,-190;70,-210;70,-190;70,-210;70,-190;50,-200;70,-190;50,-200;60,-180;50,-200;60,-180;40,-190;60,-180;40,-190;60,-170;40,-190;60,-170;40,-160;60,-170;40,-160;70,-160;40,-160;70,-160;60,-140;70,-160;60,-140;110,-160;60,-140;110,-160;110,-140;110,-160;110,-140;120,-150;120,-150;110,-160;120,-170;"
"130,-140;130,-160;170,-140;130,-160;170,-140;160,-160;170,-140;160,-160;180,-160;180,-160;170,-140;210,-160;170,-140;210,-160;210,-140;160,-160;180,-160;160,-260;180,-160;160,-260;180,-260;"
"220,-140;240,-140;220,-240;240,-140;220,-240;240,-230;220,-240;240,-230;240,-260;240,-230;240,-260;250,-240;240,-260;250,-240;270,-260;250,-240;270,-260;260,-240;270,-260;260,-240;290,-240;260,-240;290,-240;270,-230;290,-240;270,-230;270,-140;270,-140;290,-240;290,-140;"
"-290,-270;-270,-270;-270,-390;-270,-270;-270,-390;-250,-370;-270,-390;-250,-370;-230,-390;-250,-370;-230,-390;-230,-270;-230,-390;-230,-270;-210,-270;"
"-200,-270;-190,-390;-180,-270;-190,-390;-180,-270;-170,-360;-170,-360;-190,-390;-160,-390;-160,-390;-170,-360;-150,-330;-150,-330;-160,-390;-150,-360;-150,-360;-150,-330;-140,-390;-150,-330;-140,-390;-130,-360;-140,-390;-130,-360;-110,-390;-130,-360;-110,-390;-100,-270;-100,-270;-130,-360;-120,-270;"
"-90,-270;-60,-330;-70,-270;-60,-330;-70,-270;-50,-310;-50,-310;-60,-330;-40,-330;-60,-330;-40,-330;-50,-350;-40,-330;-50,-350;-10,-390;-50,-350;-10,-390;-30,-390;-40,-330;-50,-310;-30,-270;-30,-270;-40,-330;-10,-270;-50,-350;-60,-330;-90,-390;-90,-390;-50,-350;-70,-390;"
"0,-270;30,-330;20,-270;30,-330;20,-270;40,-310;40,-310;30,-330;30,-390;30,-390;40,-310;50,-390;40,-310;50,-390;50,-330;50,-330;40,-310;60,-270;60,-270;50,-330;80,-270;"
"90,-270;90,-290;170,-270;90,-290;170,-270;150,-290;170,-270;150,-290;170,-290;150,-290;170,-290;110,-370;110,-370;150,-290;90,-370;90,-370;110,-370;90,-390;110,-370;90,-390;170,-390;170,-390;110,-370;170,-370;"
"-230,130;-250,130;-250,220;-250,220;-230,130;-230,230;-230,230;-250,220;-230,250;-250,220;-230,250;-270,230;-270,230;-250,220;-270,210;"
"-220,220;-200,220;-220,230;-200,220;-220,230;-190,230;-220,230;-190,230;-200,250;-190,230;-200,250;-180,230;-200,250;-180,230;-170,250;-180,230;-170,250;-170,220;-170,250;-170,220;-150,230;-170,220;-150,230;-170,210;-150,230;-170,210;-150,200;-170,210;-150,200;-180,200;-150,200;-180,200;-170,180;-180,200;-170,180;-200,190;-170,180;-200,190;-190,170;-200,190;-190,170;-210,180;-190,170;-210,180;-220,160;-220,160;-190,170;-200,150;-200,150;-220,160;-220,130;-220,130;-200,150;-150,130;-200,150;-150,130;-150,150;"
"-140,220;-120,220;-140,230;-120,220;-140,230;-110,230;-140,230;-110,230;-120,250;-110,230;-120,250;-100,230;-120,250;-100,230;-90,250;-100,230;-90,250;-90,220;-90,250;-90,220;-70,230;-90,220;-70,230;-90,210;-70,230;-90,210;-70,200;-90,210;-70,200;-100,200;-70,200;-100,200;-80,190;-100,200;-80,190;-100,180;-80,190;-100,180;-70,180;-100,180;-70,180;-90,170;-70,180;-90,170;-70,150;-90,170;-70,150;-90,160;-70,150;-90,160;-90,130;-90,160;-90,130;-100,150;-90,130;-100,150;-120,130;-100,150;-120,130;-110,150;-120,130;-110,150;-140,150;-110,150;-140,150;-120,160;-140,150;-120,160;-140,160;-100,180;-100,200;-110,200;-110,200;-100,180;-110,180;"
"-30,250;-60,180;-40,180;-40,180;-30,250;-20,230;-60,180;-40,180;-60,160;-40,180;-60,160;-20,160;-20,160;-40,180;-20,180;-20,180;-20,160;0,180;0,180;-20,180;0,250;-20,180;0,250;-20,230;0,250;-20,230;-20,230;-20,160;0,180;0,160;0,180;0,160;10,180;0,160;10,180;10,160;0,160;-20,160;0,130;-20,160;0,130;-20,130;0,250;-20,230;-30,250;"
"90,250;20,250;40,230;40,230;90,250;90,230;20,250;40,230;20,210;40,230;20,210;40,210;20,210;40,210;40,190;40,190;20,210;20,190;40,210;40,190;70,210;40,190;70,210;60,190;70,210;60,190;90,190;60,190;90,190;70,180;90,190;70,180;90,150;70,180;90,150;70,160;90,150;70,160;70,130;70,160;70,130;60,150;70,130;60,150;40,130;60,150;40,130;50,150;40,130;50,150;20,150;50,150;20,150;40,160;20,150;40,160;20,160;"
